[{'boxes': tensor([[5.5828e+01, 1.3496e+02, 2.1441e+02, 2.9869e+02],
        [1.9365e+02, 1.2516e+02, 2.9578e+02, 2.9695e+02],
        [1.7069e+02, 5.3242e+01, 2.9704e+02, 2.1479e+02],
        [4.1969e+01, 5.0213e+01, 1.5911e+02, 2.3720e+02],
        [1.2034e+02, 3.0340e+01, 2.0467e+02, 1.9364e+02],
        [2.2682e+00, 1.1838e+02, 9.3880e+01, 2.9758e+02],
        [3.6787e+01, 1.0285e+02, 2.6628e+02, 2.1929e+02],
        [0.0000e+00, 9.8251e+01, 3.7248e+01, 1.5301e+02],
        [2.3948e+00, 5.1641e+01, 1.2304e+02, 1.9154e+02],
        [2.0215e+02, 1.2820e+02, 2.7628e+02, 2.1157e+02],
        [1.6411e+02, 8.4047e+01, 2.4468e+02, 2.4408e+02],
        [2.3293e+02, 7.3576e+01, 2.9660e+02, 2.3686e+02],
        [1.3079e+02, 2.5100e+01, 1.6593e+02, 9.6517e+01],
        [2.4693e+01, 4.9686e+01, 8.6737e+01, 1.2965e+02],
        [1.4144e+02, 3.2222e+01, 2.7408e+02, 1.6854e+02],
        [1.2030e+02, 3.5259e+01, 1.5068e+02, 1.0582e+02],
        [1.0926e+02, 3.8482e+01, 1.3758e+02, 1.0735e+02],
        [4.0337e+01, 5.8145e+01, 7.4897e+01, 1.2135e+02],
        [1.8109e+02, 1.9264e+02, 2.0930e+02, 2.3729e+02],
        [1.1904e+02, 2.5694e+01, 1.9277e+02, 1.1262e+02],
        [2.8214e+02, 1.1996e+02, 3.0000e+02, 3.0000e+02],
        [4.4384e+01, 5.7661e+01, 1.0447e+02, 1.4008e+02],
        [1.0366e+01, 1.1492e+02, 9.1019e+01, 2.0226e+02],
        [2.6345e+01, 1.1750e+02, 5.8251e+01, 1.5107e+02],
        [1.3693e+02, 1.0768e+02, 2.1559e+02, 2.4451e+02],
        [2.2446e+02, 6.3080e+01, 2.9655e+02, 1.4295e+02],
        [3.5951e+01, 1.3080e+02, 1.0357e+02, 2.2663e+02],
        [7.0265e+01, 1.1563e+02, 1.4399e+02, 2.1092e+02],
        [2.0188e+02, 5.5509e+01, 2.2977e+02, 1.3408e+02],
        [2.4963e+02, 1.2210e+02, 2.9870e+02, 2.0587e+02],
        [2.7064e+02, 2.0215e+02, 2.9820e+02, 3.0000e+02],
        [1.1943e+02, 5.2068e+01, 1.3263e+02, 8.1557e+01],
        [5.6411e+01, 4.6580e+01, 8.5595e+01, 1.1827e+02],
        [2.1914e+01, 4.3970e+01, 5.9185e+01, 1.0847e+02],
        [1.6821e+02, 3.5276e+01, 1.9695e+02, 1.1591e+02],
        [7.2306e+01, 5.2501e+01, 1.0195e+02, 1.3341e+02],
        [1.2479e+02, 8.7869e+01, 1.8774e+02, 1.6490e+02],
        [1.6651e+01, 7.9174e+01, 8.7281e+01, 1.5890e+02],
        [2.8992e+01, 4.6511e+01, 1.4591e+02, 1.3187e+02],
        [1.8844e+02, 5.9113e+01, 2.1442e+02, 1.3677e+02],
        [1.4777e+02, 5.7891e+01, 2.0887e+02, 1.5991e+02],
        [1.6899e+02, 5.6270e+01, 2.3183e+02, 1.4667e+02],
        [5.4984e+01, 5.2395e-02, 1.7920e+02, 1.1214e+02],
        [4.0671e+01, 1.7865e+02, 1.0934e+02, 3.0000e+02],
        [0.0000e+00, 1.0943e+02, 1.4872e+02, 2.1495e+02],
        [7.2625e+01, 3.2279e+01, 1.4655e+02, 1.8115e+02],
        [3.5160e+01, 1.1942e+02, 5.1254e+01, 1.4609e+02],
        [1.1747e+02, 1.9546e+01, 1.5989e+02, 6.8448e+01],
        [1.0930e+02, 4.8054e+01, 1.2317e+02, 7.2344e+01],
        [9.5815e+01, 2.3073e+01, 1.5640e+02, 9.8496e+01],
        [1.9843e+02, 2.0221e+02, 2.1029e+02, 2.2207e+02],
        [3.9352e+01, 9.3956e+01, 1.0744e+02, 1.8340e+02],
        [1.8676e+02, 1.9806e+02, 2.0545e+02, 2.2496e+02],
        [4.7194e+00, 1.6418e+02, 3.2309e+01, 2.0411e+02],
        [5.1031e+01, 2.1448e+02, 1.1228e+02, 3.0000e+02],
        [1.7166e+02, 1.8416e+02, 2.0398e+02, 2.4925e+02],
        [1.9731e+02, 2.0845e+02, 2.1137e+02, 2.3308e+02],
        [5.4826e-01, 1.0627e+02, 2.6928e+01, 1.8881e+02],
        [1.0648e+01, 1.7466e+02, 2.9831e+01, 1.9999e+02],
        [2.0685e+02, 1.0014e+01, 2.1757e+02, 5.4081e+01],
        [2.0936e+01, 2.4052e+02, 9.1594e+01, 3.0000e+02],
        [1.8734e+02, 1.9538e+02, 2.0739e+02, 2.1219e+02],
        [2.6969e+02, 2.0846e+02, 2.9862e+02, 3.0000e+02],
        [1.7416e+02, 1.9303e+02, 2.1990e+02, 2.7013e+02],
        [1.6899e+02, 1.5979e+02, 1.9360e+02, 1.9320e+02],
        [0.0000e+00, 9.5823e+01, 6.4281e+01, 1.9549e+02],
        [3.9246e+01, 2.3913e+02, 7.1383e+01, 2.9880e+02],
        [1.8736e+02, 2.0420e+02, 2.1463e+02, 2.4794e+02],
        [9.4904e+01, 0.0000e+00, 1.0934e+02, 5.2750e+01],
        [5.7996e+01, 2.3416e+02, 8.7852e+01, 2.9797e+02],
        [1.2587e+02, 2.0708e+02, 1.3850e+02, 2.3296e+02],
        [2.3830e+02, 2.5907e+02, 2.5095e+02, 3.0000e+02],
        [2.4193e+02, 2.5898e+02, 2.7873e+02, 2.9880e+02],
        [6.6863e+01, 2.3875e+02, 1.0229e+02, 2.9765e+02],
        [7.0466e+01, 2.1640e+02, 1.4410e+02, 3.0000e+02],
        [2.4788e+02, 2.1627e+02, 2.7676e+02, 3.0000e+02],
        [9.1933e+01, 2.0926e+02, 1.7857e+02, 2.9266e+02],
        [2.0605e+01, 2.4934e+02, 5.5928e+01, 2.9914e+02],
        [1.7351e+02, 1.8813e+02, 2.0301e+02, 2.2632e+02],
        [2.1422e+02, 5.5071e+00, 2.2619e+02, 5.5334e+01],
        [1.0824e+02, 0.0000e+00, 2.3631e+02, 7.6893e+01],
        [2.4448e+02, 2.5864e+02, 2.6139e+02, 2.9591e+02],
        [3.0375e+00, 1.7423e+02, 2.2338e+01, 2.0109e+02],
        [2.2342e+02, 2.6098e+02, 2.7537e+02, 2.9853e+02],
        [2.6350e+02, 2.5469e+02, 2.9837e+02, 2.9816e+02],
        [1.9837e+02, 2.0033e+02, 2.2221e+02, 2.4260e+02],
        [2.0476e+02, 2.0180e+02, 2.1604e+02, 2.4166e+02],
        [2.3530e+02, 2.1551e+02, 2.9362e+02, 2.9828e+02],
        [1.9789e+02, 1.9497e+02, 2.0995e+02, 2.1313e+02],
        [1.2264e+02, 2.0199e+02, 1.4184e+02, 2.2249e+02],
        [1.9966e+02, 9.6323e+00, 2.2595e+02, 5.3706e+01],
        [1.3305e+02, 2.0118e+02, 1.4624e+02, 2.2446e+02],
        [1.8644e+02, 2.1136e+02, 2.0746e+02, 2.2877e+02],
        [2.1164e+02, 2.4773e+02, 2.8218e+02, 3.0000e+02],
        [1.7202e+02, 1.6795e+02, 2.0122e+02, 2.0160e+02],
        [1.9816e+02, 1.9953e+01, 2.0948e+02, 5.9034e+01],
        [6.8528e+01, 2.0624e+02, 9.5358e+01, 2.3571e+02],
        [1.8471e+01, 1.7665e+02, 3.5942e+01, 1.9943e+02],
        [2.4361e+02, 2.6669e+02, 2.6646e+02, 2.8549e+02],
        [2.0587e+02, 1.8254e+01, 2.1871e+02, 3.9718e+01],
        [2.1378e+02, 2.1986e+02, 2.8166e+02, 2.9716e+02],
        [1.8838e+02, 1.8825e+02, 2.1407e+02, 2.2256e+02],
        [1.7665e+00, 2.5638e+02, 4.4446e+01, 2.9886e+02],
        [2.3994e-01, 8.4976e+01, 4.8638e+01, 1.2493e+02],
        [1.5478e+02, 1.8196e+02, 1.8514e+02, 2.4974e+02],
        [1.7912e+02, 1.9171e+02, 1.9837e+02, 2.1681e+02],
        [1.8134e+02, 1.7625e+02, 2.0986e+02, 2.1240e+02],
        [1.8819e+02, 1.8673e+02, 2.0554e+02, 2.0626e+02],
        [1.7246e+02, 2.1902e+02, 2.3181e+02, 2.9718e+02],
        [8.9052e+01, 2.1380e+02, 1.1644e+02, 2.9991e+02],
        [1.4337e+02, 1.8905e+02, 2.0275e+02, 2.6407e+02],
        [3.7368e+01, 1.8514e+02, 4.9901e+01, 2.0962e+02],
        [1.7974e+02, 1.8575e+02, 1.9753e+02, 2.0448e+02],
        [0.0000e+00, 1.5560e+01, 4.5648e+01, 1.6524e+02],
        [2.3828e+02, 2.3080e+02, 2.6630e+02, 2.9919e+02],
        [8.7787e+01, 3.8956e+00, 9.6704e+01, 4.8804e+01],
        [3.5868e+00, 2.1469e+02, 6.9907e+01, 2.9999e+02],
        [2.1351e+02, 2.2506e+02, 2.4640e+02, 2.9899e+02],
        [9.0898e+01, 1.9600e+02, 1.7619e+02, 2.7464e+02],
        [2.5369e+02, 2.2786e+02, 3.0000e+02, 2.6698e+02],
        [1.7679e+02, 1.7631e+02, 1.9519e+02, 1.9652e+02],
        [1.7792e+02, 1.6482e+02, 1.9555e+02, 1.8294e+02],
        [1.8739e+02, 1.9549e+02, 2.4459e+02, 2.8141e+02],
        [2.4976e+02, 2.0337e+02, 2.7718e+02, 2.9699e+02],
        [1.0483e+02, 3.0872e+00, 1.8523e+02, 6.1133e+01],
        [1.1600e+02, 1.9899e+02, 1.3064e+02, 2.2569e+02],
        [2.3945e+02, 2.2239e+02, 2.6439e+02, 3.0000e+02],
        [2.1602e+02, 3.6587e+00, 2.8213e+02, 8.2587e+01],
        [1.0950e+02, 5.0140e+00, 1.2199e+02, 4.4488e+01],
        [9.2693e+01, 1.1850e+02, 1.0878e+02, 1.4846e+02],
        [6.9865e+01, 2.0087e+02, 1.0067e+02, 2.7118e+02],
        [2.0637e+02, 1.1620e+01, 2.1838e+02, 2.9239e+01],
        [2.6654e+02, 1.6466e+02, 2.9663e+02, 2.6551e+02],
        [1.6981e+02, 2.0904e+02, 2.0274e+02, 2.6862e+02],
        [2.0494e+02, 2.1598e+02, 2.3280e+02, 2.9787e+02],
        [2.5609e+02, 2.1246e+02, 3.0000e+02, 2.5279e+02],
        [2.3835e+02, 2.6943e+02, 2.5515e+02, 2.8441e+02],
        [2.3232e+02, 2.4640e+02, 2.9369e+02, 3.0000e+02],
        [2.9449e+01, 1.8368e+02, 4.1763e+01, 2.0837e+02],
        [1.8449e+02, 2.4013e+02, 2.5246e+02, 3.0000e+02],
        [1.1558e+02, 1.9475e+02, 1.4824e+02, 2.2606e+02],
        [5.3466e+01, 2.6195e+02, 1.1622e+02, 2.9843e+02],
        [2.4325e+02, 2.6024e+02, 2.6667e+02, 2.7775e+02],
        [1.9249e+02, 2.1634e+01, 2.1379e+02, 3.3731e+01],
        [2.0172e+02, 1.9034e+02, 2.6645e+02, 2.8790e+02],
        [1.0055e+02, 0.0000e+00, 1.1309e+02, 3.7959e+01],
        [2.0363e+02, 1.8539e+02, 2.2794e+02, 2.5915e+02],
        [2.3393e+02, 8.5745e+01, 2.6333e+02, 1.5121e+02],
        [2.1666e+02, 7.9486e+01, 2.4509e+02, 1.5491e+02],
        [2.1080e+02, 2.5183e+02, 2.8445e+02, 2.8276e+02],
        [1.6873e+02, 2.2151e+02, 1.9262e+02, 2.5765e+02],
        [2.0259e+02, 2.1185e+02, 2.2002e+02, 2.2796e+02],
        [2.4373e+02, 2.5472e+02, 2.7023e+02, 2.9654e+02],
        [2.4219e+02, 2.5086e+02, 3.0000e+02, 2.8187e+02],
        [4.1321e+00, 1.5369e+02, 3.7251e+01, 2.0593e+02],
        [0.0000e+00, 9.4617e-01, 6.5030e+01, 1.0693e+02],
        [0.0000e+00, 7.6926e+01, 7.4052e+01, 1.5308e+02],
        [1.4653e+02, 8.8529e+01, 1.8685e+02, 1.4764e+02],
        [1.0054e+02, 2.1350e+02, 1.3762e+02, 2.8202e+02],
        [2.3954e+02, 2.5966e+02, 2.5150e+02, 2.8038e+02],
        [2.3416e+02, 2.5818e+00, 2.9991e+02, 1.1208e+02],
        [2.0807e+02, 1.8943e+02, 2.4806e+02, 2.4553e+02],
        [1.8681e+02, 1.0734e+01, 2.1662e+02, 5.2047e+01],
        [2.7848e+02, 2.1585e+00, 2.9084e+02, 3.4632e+01],
        [2.0224e+02, 5.3596e+00, 2.2016e+02, 1.8882e+01],
        [2.4177e+02, 2.7497e+02, 2.6692e+02, 2.9329e+02],
        [2.8104e+02, 2.2982e+02, 2.9952e+02, 3.0000e+02],
        [2.0468e+02, 3.0011e+01, 2.2236e+02, 4.2980e+01],
        [2.1311e+02, 2.1740e+01, 2.3093e+02, 3.4478e+01],
        [2.8832e+01, 1.8029e+02, 5.7947e+01, 2.1365e+02],
        [1.8424e+01, 9.3969e+01, 5.5168e+01, 1.5044e+02],
        [1.9429e+02, 2.1913e+02, 2.1384e+02, 2.3732e+02],
        [9.9283e+01, 1.2946e+01, 1.1649e+02, 2.7455e+01],
        [1.1931e+02, 6.4317e+00, 1.4645e+02, 1.6789e+01],
        [1.8554e+02, 8.5508e+00, 2.4971e+02, 7.7409e+01],
        [2.1320e+02, 9.8149e+01, 2.2627e+02, 1.1277e+02],
        [8.9343e+00, 1.8694e+02, 3.0777e+01, 2.0475e+02],
        [4.5741e+01, 2.2841e+02, 2.0057e+02, 3.0000e+02],
        [1.4003e+02, 1.9376e+02, 1.6873e+02, 2.6455e+02],
        [2.0395e+02, 2.0492e+02, 2.1959e+02, 2.1895e+02],
        [1.5056e+02, 6.7321e+01, 1.8529e+02, 1.4230e+02],
        [1.7803e+02, 2.1252e+01, 2.0895e+02, 6.3834e+01],
        [2.6350e+02, 2.5469e+02, 2.9837e+02, 2.9816e+02],
        [7.4506e+01, 2.0439e+02, 9.2582e+01, 2.2390e+02],
        [1.6009e+02, 1.7070e+02, 2.0815e+02, 2.5516e+02],
        [1.5381e+02, 2.0790e+02, 1.8538e+02, 2.7299e+02],
        [2.7988e+02, 6.3700e+01, 2.9949e+02, 1.0633e+02],
        [1.9633e+02, 6.9316e+00, 2.1061e+02, 3.4731e+01],
        [2.2134e+02, 1.0769e+00, 2.3384e+02, 5.5520e+01],
        [2.1161e+02, 2.5407e+02, 2.5195e+02, 2.9803e+02],
        [7.7554e+01, 2.4706e+02, 1.3770e+02, 2.8768e+02],
        [1.4143e+02, 1.9926e+02, 1.5509e+02, 2.2420e+02],
        [1.1778e+02, 1.0064e+01, 1.2977e+02, 3.6101e+01],
        [1.8955e+02, 1.2416e+01, 2.1392e+02, 2.5960e+01],
        [1.8992e+02, 2.2487e+01, 2.0256e+02, 5.8085e+01],
        [2.1957e+02, 2.2987e+02, 2.8050e+02, 2.6776e+02],
        [6.5496e+01, 9.2917e+01, 1.1386e+02, 1.4593e+02],
        [7.6189e+01, 2.1284e+02, 9.2384e+01, 2.4152e+02],
        [1.0935e+02, 1.4283e+01, 1.2731e+02, 2.6241e+01],
        [1.0034e+02, 2.1235e+02, 1.7409e+02, 2.5120e+02]]), 'scores': tensor([0.9499, 0.9359, 0.7542, 0.7466, 0.6242, 0.5534, 0.1035, 0.0990, 0.0963,
        0.0892, 0.0857, 0.0825, 0.0812, 0.0811, 0.0791, 0.0754, 0.0748, 0.0748,
        0.0703, 0.0692, 0.0681, 0.0659, 0.0651, 0.0648, 0.0641, 0.0626, 0.0611,
        0.0607, 0.0601, 0.0581, 0.0577, 0.0576, 0.0571, 0.0569, 0.0565, 0.0558,
        0.0558, 0.0557, 0.0550, 0.0547, 0.0543, 0.0537, 0.0535, 0.0532, 0.0523,
        0.0522, 0.0519, 0.0514, 0.0507, 0.0506, 0.0505, 0.0504, 0.0504, 0.0468,
        0.0435, 0.0418, 0.0411, 0.0397, 0.0396, 0.0393, 0.0387, 0.0385, 0.0366,
        0.0360, 0.0359, 0.0351, 0.0336, 0.0331, 0.0328, 0.0325, 0.0323, 0.0320,
        0.0318, 0.0316, 0.0312, 0.0308, 0.0306, 0.0306, 0.0300, 0.0299, 0.0296,
        0.0296, 0.0294, 0.0288, 0.0284, 0.0280, 0.0278, 0.0278, 0.0276, 0.0274,
        0.0270, 0.0269, 0.0268, 0.0265, 0.0265, 0.0264, 0.0264, 0.0263, 0.0262,
        0.0262, 0.0261, 0.0257, 0.0257, 0.0254, 0.0249, 0.0246, 0.0244, 0.0242,
        0.0241, 0.0241, 0.0241, 0.0238, 0.0237, 0.0236, 0.0235, 0.0235, 0.0234,
        0.0233, 0.0233, 0.0231, 0.0230, 0.0229, 0.0227, 0.0227, 0.0226, 0.0224,
        0.0222, 0.0220, 0.0220, 0.0218, 0.0217, 0.0216, 0.0214, 0.0213, 0.0213,
        0.0211, 0.0206, 0.0206, 0.0205, 0.0205, 0.0201, 0.0201, 0.0199, 0.0196,
        0.0191, 0.0188, 0.0188, 0.0187, 0.0184, 0.0183, 0.0182, 0.0181, 0.0181,
        0.0180, 0.0180, 0.0179, 0.0179, 0.0178, 0.0178, 0.0177, 0.0176, 0.0175,
        0.0174, 0.0174, 0.0174, 0.0173, 0.0173, 0.0173, 0.0173, 0.0173, 0.0172,
        0.0172, 0.0171, 0.0170, 0.0170, 0.0170, 0.0169, 0.0169, 0.0168, 0.0168,
        0.0168, 0.0167, 0.0167, 0.0166, 0.0166, 0.0166, 0.0166, 0.0164, 0.0164,
        0.0163, 0.0161, 0.0160, 0.0159, 0.0159, 0.0159, 0.0158, 0.0158, 0.0158,
        0.0158, 0.0158]), 'labels': tensor([ 1,  1,  1,  1,  1,  1,  1, 64,  1,  1,  1,  1,  1,  1,  1,  1,  1,  1,
        52,  1,  1,  1,  1,  1,  1,  1,  1,  1,  1,  1, 32,  1,  1,  1,  1,  1,
         1,  1,  1,  1,  1,  1,  1,  1,  1,  1,  1,  1,  1,  1, 52,  1, 52, 77,
        31, 31, 52, 64, 77, 84, 31, 52, 31, 31, 52, 64, 31, 52, 84, 31, 32, 84,
        31, 31, 31, 32, 31, 31, 52, 84, 72, 84, 77, 62, 31, 52, 52, 31, 52, 32,
        84, 32, 52, 31, 52, 84, 77, 77, 84, 84, 62, 52, 31, 64, 31, 52, 52, 52,
        31, 31, 31, 32, 52, 64, 31, 84, 31, 31, 27, 31, 52, 52, 31, 31, 72, 32,
        32, 82, 84, 32, 31, 84, 31, 31, 31, 31, 84, 62, 32, 31, 32, 31, 84, 84,
        62, 84, 31, 32, 32, 62, 40, 52, 62, 31, 46, 64, 64, 31, 31, 84, 82, 62,
        84, 84, 84, 84, 32, 84, 84, 32, 64, 52, 84, 84, 82, 77, 77, 31, 31, 52,
        32, 62, 32, 77, 27, 31, 62, 84, 84, 62, 31, 32, 84, 84, 84, 62, 27, 77,
        84, 31])}]